image: /home/pluxsuwong/RBE3002/Lab_3/Maps/stagemaps/map.pgm
resolution: 0.075000
origin: [-19.00000, -18.00000, 0.000000]
negate: 0
occupied_thresh: 0.65
free_thresh: 0.196

